29.38
29.07
29.09
28.89
28.39
28.06
27.81
27.88
28.68
28.71
28.59
28.60
28.77
28.81
28.80
28.85
29.63
29.25
29.36
28.90
29.17
29.03
29.10
29.06
28.58
29.00
28.98
28.15
28.18
28.80
27.49
27.77
27.82
28.37
28.31
28.01
28.14
28.47
29.16
29.26
29.47
29.54
29.77
29.60
30.87
30.71
31.48
30.80
30.29
29.14
28.50
28.51
28.20
28.65
27.42
27.05
26.97
26.85
26.58
25.26
25.06
24.69
25.31
25.90
25.49
25.49
25.23
25.69
25.70
26.07
25.86
27.32
26.98
28.54
28.14
29.56
29.57
29.17
28.41
28.63
28.37
28.44
28.34
28.56
28.28
28.46
26.15
26.86
27.90
27.38
26.46
26.47
26.39
27.66
27.55
28.16
28.70
28.59
28.65
28.26
28.26
28.11
27.79
28.58
28.10
28.08
27.73
27.27
26.95
27.00
26.91
26.35
27.14
26.89
26.40
26.73
26.81
26.93
25.09
25.23
