31.63
32.38
32.52
32.04
32.56
31.10
31.61
31.62
30.67
32.32
32.27
32.32
33.09
33.12
33.36
34.16
33.41
33.07
32.77
32.85
33.06
32.59
33.25
33.33
32.84
31.68
31.43
31.16
30.96
30.48
30.46
31.04
31.16
31.19
31.39
30.76
29.99
29.98
29.76
29.38
30.22
31.14
31.26
32.43
33.32
33.32
33.18
33.66
32.42
31.93
31.63
33.01
32.80
32.46
32.10
32.20
32.07
32.93
32.90
32.84
31.48
32.15
33.23
34.07
34.18
34.84
34.57
34.56
34.32
34.28
35.51
35.42
35.43
35.49
35.49
35.84
35.87
35.66
35.69
35.00
35.33
35.52
35.39
34.96
34.95
34.58
34.42
34.23
34.34
35.15
35.45
35.55
34.85
34.67
36.49
36.49
36.54
37.58
38.12
37.14
36.78
36.69
35.95
35.69
34.88
34.97
34.88
35.85
35.84
36.41
36.79
36.83
38.40
38.41
38.14
37.79
38.58
38.23
38.69
37.39
