34.85
34.82
34.89
34.88
35.18
35.54
35.63
35.39
34.90
35.72
36.44
36.49
36.25
36.72
36.91
36.86
36.82
36.88
37.06
36.66
36.26
36.01
36.68
38.56
38.24
39.33
38.87
39.27
39.16
39.10
39.40
39.62
39.91
40.53
40.91
40.89
40.93
40.20
40.34
40.95
41.16
41.10
41.10
40.38
39.07
38.85
37.57
36.99
36.73
36.95
36.84
36.73
36.97
37.24
37.08
37.17
36.41
36.48
36.50
36.85
36.85
36.59
36.87
36.97
36.91
37.24
37.39
37.39
36.78
37.25
37.27
36.68
36.64
37.33
37.21
37.15
37.25
38.21
38.04
38.24
37.57
37.57
38.38
38.51
37.76
37.77
37.85
37.73
38.08
38.65
38.46
38.35
38.57
38.38
38.20
37.76
36.86
37.05
36.29
36.98
37.09
36.47
36.62
36.60
36.57
36.08
36.08
37.57
37.37
36.94
36.84
36.58
36.26
36.08
36.13
36.04
35.76
37.02
38.01
38.00
