26.19
26.65
27.74
27.64
27.96
28.22
28.25
29.30
29.59
28.96
30.34
31.15
31.10
31.05
31.10
29.46
29.76
29.64
28.38
28.06
28.05
28.17
27.98
27.97
28.30
28.16
29.04
27.58
27.59
27.87
27.42
27.97
28.24
28.02
27.39
27.40
27.62
27.68
27.49
27.33
26.96
25.35
25.17
25.25
25.76
25.80
25.62
26.14
26.45
26.41
26.39
26.94
26.93
26.04
25.88
25.36
25.54
25.56
26.78
26.25
26.25
27.04
27.00
27.21
27.42
25.61
25.14
25.03
24.68
24.75
25.21
25.44
25.44
25.41
25.22
25.25
26.88
27.37
27.27
27.29
27.03
27.01
27.09
26.20
26.34
24.95
25.55
26.41
26.46
26.65
26.45
26.22
25.43
25.61
26.70
26.91
26.85
27.24
26.99
26.71
26.84
26.88
26.70
26.41
26.48
26.09
26.07
26.14
26.19
25.81
25.52
25.68
26.02
25.78
25.06
25.06
25.36
25.37
25.64
25.51
