35.65
35.06
34.66
33.80
33.22
33.25
33.22
32.94
33.67
33.49
33.98
33.87
34.36
34.38
33.92
35.18
35.84
36.34
36.15
36.30
36.30
35.21
34.55
34.68
35.07
35.86
36.31
36.47
36.06
36.37
36.36
36.37
36.31
36.14
36.93
36.78
36.55
36.26
35.59
34.85
34.81
34.79
34.63
34.77
34.60
36.46
35.60
35.19
35.07
35.67
35.48
35.38
35.76
34.74
33.83
34.04
34.45
33.60
33.62
33.61
33.65
34.37
34.85
35.03
34.43
33.82
34.36
34.42
34.18
33.55
33.52
34.19
34.26
33.20
33.16
34.06
31.98
31.83
31.94
32.00
32.12
32.46
32.49
31.97
31.67
32.14
31.79
31.28
33.09
31.95
31.47
30.71
30.25
30.25
30.31
31.21
30.76
30.57
30.64
31.04
30.95
31.06
30.58
31.19
31.00
30.90
31.99
32.00
31.41
30.90
30.76
30.77
30.90
30.86
30.97
30.97
30.53
30.08
30.87
30.46
