30.96
29.54
29.29
29.31
29.28
29.34
28.20
28.49
28.57
28.83
29.55
29.58
29.70
29.79
29.96
29.95
29.89
29.50
30.42
30.28
30.10
30.90
31.15
31.45
31.91
31.72
31.02
30.99
32.30
32.15
31.63
32.19
32.28
31.02
31.59
31.41
31.84
31.97
33.51
33.33
33.48
34.38
34.42
34.85
35.60
36.31
36.01
36.04
36.53
37.37
37.79
37.62
37.52
36.56
35.85
35.64
35.30
33.95
33.99
33.83
33.69
33.31
32.52
32.82
32.12
32.11
32.73
33.00
33.05
31.57
31.54
31.43
31.43
32.82
32.53
32.51
32.44
32.98
32.55
32.85
32.17
31.90
31.62
32.97
33.00
34.12
33.77
34.76
34.61
34.12
36.02
35.68
35.78
35.38
35.34
35.42
33.91
33.77
34.28
33.70
34.21
34.02
33.92
34.08
34.01
34.12
34.75
35.77
35.62
34.97
35.24
34.79
33.88
33.96
33.98
32.12
32.45
31.56
31.40
30.53
