27.40
27.40
27.43
27.33
27.32
27.42
27.46
27.35
27.23
27.26
26.35
26.99
27.01
27.10
27.14
26.98
27.26
25.66
25.19
25.63
26.12
25.15
24.80
23.94
24.36
25.43
23.90
24.01
23.93
23.83
23.71
24.55
24.44
23.23
24.62
24.61
24.59
24.75
24.07
24.09
21.62
21.31
21.11
20.55
20.56
19.52
19.08
18.78
19.52
19.67
19.81
19.38
19.03
19.29
17.87
17.92
18.44
19.36
18.96
18.99
18.92
16.91
16.81
16.06
16.25
15.40
15.21
15.20
15.08
15.50
15.77
16.11
16.08
16.17
16.36
16.55
16.78
16.26
18.05
18.33
18.47
18.59
18.63
18.64
18.30
18.96
19.17
19.15
19.51
20.45
20.33
20.21
20.39
20.14
20.07
20.24
19.84
19.70
19.82
19.73
19.66
19.88
19.63
19.40
18.97
18.51
18.28
18.89
19.29
20.51
20.60
20.25
20.26
20.03
20.25
20.14
20.38
20.61
20.55
20.06
