32.21
31.30
30.71
31.20
31.18
31.18
31.13
30.85
31.11
30.73
30.03
29.75
29.82
29.95
29.89
29.93
28.99
28.81
28.77
29.94
30.03
30.36
31.13
31.42
31.30
30.83
30.16
30.71
30.59
30.12
29.36
28.79
28.79
29.16
30.06
30.05
30.06
29.65
29.66
29.66
29.87
29.93
29.91
29.94
30.13
29.89
31.00
31.24
30.19
29.34
29.39
29.69
30.07
29.51
29.84
30.85
31.64
31.04
31.88
32.79
33.55
33.10
32.44
30.83
31.25
31.18
31.12
31.14
31.90
32.10
31.54
31.32
31.02
30.98
29.54
29.64
29.48
28.64
28.35
28.45
28.25
26.94
27.07
27.58
27.72
27.67
27.30
27.46
28.44
27.88
28.04
27.87
27.72
27.38
26.74
27.12
27.26
27.27
27.65
28.11
28.08
27.27
26.45
26.33
26.31
26.36
27.06
27.77
27.77
28.10
26.51
26.64
26.48
26.46
26.91
26.91
26.90
26.84
26.98
26.98
