26.08
26.21
26.53
27.16
27.75
26.72
27.62
27.21
27.57
27.77
25.84
25.72
25.61
26.17
26.40
26.10
26.59
26.48
26.88
26.65
26.62
26.52
26.52
26.39
25.89
25.74
25.90
26.61
26.67
27.22
27.54
26.50
26.97
26.98
26.78
27.18
28.30
27.90
27.78
27.44
27.44
27.49
25.30
24.15
22.16
22.05
21.00
21.37
21.14
21.38
21.79
21.91
22.03
22.13
22.65
22.83
22.29
22.67
22.50
22.36
22.38
22.47
22.50
22.73
22.27
22.37
22.29
22.42
22.42
22.32
22.01
22.16
22.95
22.61
21.70
21.70
21.50
21.79
21.78
22.08
21.63
22.10
22.26
21.61
21.41
21.08
20.78
19.85
18.71
17.91
17.75
18.01
18.05
18.80
18.94
18.95
18.40
18.30
18.21
18.85
18.55
19.08
19.76
20.13
19.99
19.89
20.43
20.36
20.43
20.13
18.25
18.15
17.52
16.34
16.71
16.15
15.85
15.85
15.80
15.57
