28.45
29.30
29.29
29.14
29.20
28.75
28.58
27.89
27.39
27.51
27.16
27.16
25.78
25.06
25.61
25.68
25.44
25.40
25.10
24.91
24.45
24.28
23.25
23.08
23.12
22.64
22.73
22.96
22.94
23.27
22.01
21.50
21.72
21.52
21.85
21.30
21.08
21.11
21.66
21.39
21.29
20.14
19.45
19.34
19.67
19.87
19.58
20.02
20.29
20.35
20.55
20.25
20.49
20.69
20.69
22.44
23.77
23.79
23.57
23.48
24.17
24.24
23.28
23.70
23.08
23.33
23.40
23.95
23.96
25.04
25.36
24.50
24.70
24.64
24.61
24.33
23.93
23.44
23.36
23.81
23.92
24.19
24.94
24.86
24.99
24.89
24.79
25.57
25.60
26.01
26.32
26.30
26.76
26.39
26.46
27.27
27.29
25.89
26.28
25.93
25.35
25.46
24.14
23.88
23.31
23.87
23.50
24.25
23.74
22.98
23.09
22.39
23.39
22.62
22.22
22.23
22.94
23.18
23.59
24.63
